.Random.seed <-
c(403L, 10L, 1001868030L, 686731448L, -2048681317L, 585365753L, 
-583914936L, 604468598L, 858277041L, 353609955L, -1323456590L, 
-1355393020L, -262935737L, 830661149L, 285227156L, -499869638L, 
-826418555L, 1184107359L, 821330918L, 2039893616L, -1223433837L, 
-146454991L, 1371610336L, 2143776126L, 1112834057L, 2018873403L, 
-490938870L, 277671404L, 2146787951L, -2076463707L, -1562612388L, 
-1886990030L, -642011091L, -790376729L, -719150066L, 1927892456L, 
-1273767957L, -1511143287L, 814959640L, -1949996218L, -1536280159L, 
-1212954573L, 1207797154L, -2124414828L, 831186711L, -1872473843L, 
1983412260L, -747644918L, 1599704437L, -1795408689L, 1707405270L, 
-1855082624L, -109607997L, 1764287841L, 1777064912L, 1790483246L, 
-1074116903L, 526439659L, 618239322L, -556857572L, -1571495393L, 
-970833291L, 1594920716L, -444931358L, -1088686147L, -338276297L, 
-1857758498L, 1632822808L, 722651515L, 566722841L, -150491736L, 
-10530474L, 339243473L, -1726795389L, -1468461038L, 1170047908L, 
-1475382425L, 300550333L, 889991220L, -1897217126L, -464302107L, 
-180364417L, -598111482L, 1838703760L, 1371829555L, 1350292177L, 
-280078208L, 1595801950L, 613938857L, 1169858907L, 1716202346L, 
-754138612L, 972325455L, -464163067L, 931260348L, -1454587246L, 
-1765807731L, -1621569081L, -375491922L, 2098387720L, 895076619L, 
1261492201L, -1018990408L, -119752858L, -1614031871L, 1034871443L, 
-1846983358L, -1628468492L, -2004437257L, 994776813L, 863199620L, 
-1530794070L, 1676719381L, -2061090897L, -581038154L, 208991712L, 
856853795L, -2117049791L, 1745046832L, -512145586L, -791474759L, 
-1214648373L, 1398219898L, -687753860L, -750088769L, -100570475L, 
583669932L, -356326782L, 418064989L, 39591255L, -1146609602L, 
-2067254152L, 2063916891L, -921556295L, 1684678408L, -1227432522L, 
-33914127L, 1384269091L, 1220419442L, 1606331844L, 567260551L, 
1068365661L, -217212588L, -1065510022L, 1829493445L, 1374571551L, 
795990950L, 538729776L, 285597651L, -1488269839L, -1115360L, 
1535145406L, -1412821559L, 32690555L, 1461753674L, -575273044L, 
637111983L, 2002324581L, -564184036L, 1589613170L, -459512595L, 
769424679L, 666085710L, 877791656L, -1926820437L, -524220727L, 
-1448517928L, -974257274L, -365275551L, -1704685581L, -1769627038L, 
1378866388L, -1663207977L, 2091302861L, 400669540L, 1746427722L, 
1775158965L, 1061772815L, -270659818L, 1713658304L, 2080844163L, 
64409505L, 1321410448L, -403372946L, 1159574041L, 872970923L, 
-298352998L, 1101666908L, 2055645023L, 1153628469L, -752281396L, 
801710626L, -741065603L, 513320311L, 1828539038L, 13191512L, 
-123440965L, -440684967L, 1066139112L, -1324349418L, -1429048431L, 
270974019L, 386282322L, -1289332764L, -1282021849L, -1077436803L, 
-1383178380L, -983698598L, -474847835L, 1529954751L, -146691514L, 
-1959663408L, 733397747L, 1631720465L, 1242759744L, 643143198L, 
144261353L, -211959269L, 524149290L, 2035524940L, 1188194063L, 
840714821L, -840008708L, -45235630L, -642146355L, 1146722695L, 
1269664878L, -1581583288L, -2125509045L, -1194590496L, 2131333836L, 
1604407456L, 1193638786L, 1545933544L, 1470706412L, -1444094916L, 
97079922L, 816845936L, -1889589724L, 1734001720L, 1569363994L, 
-1559520560L, -835201988L, 1647527060L, 1563851906L, -252639296L, 
1235999036L, 2002145936L, -654341086L, -165649400L, 928041100L, 
-1584194532L, 832714386L, 1321493632L, 353955860L, -35371736L, 
-1812853190L, 380814544L, -321268628L, 721949364L, -2015201262L, 
901048288L, 456822732L, 1820929504L, -550830558L, -1939633880L, 
-265916148L, 706561596L, -1856106254L, -2016646416L, -46582972L, 
-1503503784L, -2016419270L, -1325431056L, -580105028L, -1167036908L, 
-1085079358L, -509550496L, -2074440324L, 211221712L, 1337830434L, 
-211518808L, 705609612L, 279673276L, 2128593970L, -144332992L, 
-516343628L, 38327112L, -2018874694L, -890106096L, -1984128788L, 
253965396L, -1895114990L, 920023968L, 1862787020L, -1172739232L, 
82378946L, 1253967400L, -993454676L, -788582596L, -975175822L, 
872764208L, 112542244L, 273788984L, 410160346L, -1639530096L, 
-751307012L, 1717833620L, -1222327486L, 763083264L, 971235900L, 
-73312688L, 1116189346L, 322239304L, 1165425164L, -877056804L, 
2137141842L, -827479936L, -729613484L, -539405848L, -31249670L, 
-691382448L, -1651407828L, 1462769012L, -1878737262L, 513260128L, 
1598378636L, -674649248L, 1173926626L, 854505640L, -726699828L, 
1195893244L, 179126194L, 1435645424L, -401887804L, 1617876824L, 
1448213370L, -1068745296L, -1233272388L, -941227948L, -1177275454L, 
548717344L, 1233270716L, -87133616L, -798200350L, -1592970904L, 
-618304180L, 438960380L, -884358414L, -127496448L, -1362510220L, 
847904776L, -622947910L, -712101936L, -1760720404L, -1290270828L, 
1976660690L, 2027003488L, -66157236L, -582752992L, -831337854L, 
-1991042584L, -386826260L, 1873258044L, 312297074L, -1092129936L, 
266979620L, -1841552840L, 1825773978L, 1468627408L, -1179523652L, 
-1644889964L, 296637570L, -1152793152L, 394824508L, -1357419376L, 
-1024812254L, 977761800L, 12305676L, 901068188L, 348327442L, 
-291955840L, -1212566764L, -1819791064L, 1313358906L, 1555385296L, 
24607340L, 845001268L, 1772616338L, -1707096736L, 1859959116L, 
537692128L, -469568094L, 1192277416L, -1280059764L, 1389231548L, 
-1831940494L, 1487279088L, 1877061188L, 821342296L, 146159674L, 
-554540944L, 505575484L, -1194401516L, 1230529218L, 1583851232L, 
191207548L, -1288358192L, 883161506L, -2057910232L, -1438217460L, 
-93926980L, 58839858L, 390945472L, 544943156L, -918696248L, 697619642L, 
297801360L, 658284268L, 1861233236L, 2108297874L, -819128032L, 
1179828684L, 413344480L, -2029637438L, -1224496088L, -2116921428L, 
2045237948L, 924265458L, -250218960L, -1869398108L, 1548938680L, 
-740546726L, 1195888784L, -999498884L, 1631043860L, 1430272322L, 
582394112L, -1411879492L, -1903419056L, 2000992546L, -196281784L, 
507138060L, -1254918564L, -297907758L, -1532201472L, 1496003924L, 
-265401112L, 535224570L, 600024784L, -2134103252L, 1137733876L, 
48667026L, -2001986208L, -798766068L, 861306080L, -1680728277L, 
-1409467236L, 1084232394L, -119120961L, 1684281097L, -1851875298L, 
-1248529972L, -935322723L, 1314690599L, 1041128528L, 243746030L, 
-2109529701L, -1670948867L, 1250423530L, 1615553928L, -1329454287L, 
-2033075293L, -1366717532L, 793380434L, 1380484519L, -261365263L, 
-937913034L, -1159537196L, -367144091L, 529455983L, -1466329688L, 
-1434637562L, 1415130675L, 2124326037L, 2036399346L, 1815850304L, 
1003410089L, 403725083L, -1521668884L, 1146048762L, 2118398255L, 
-1845033671L, 345818958L, 312446364L, 2028113677L, -771585673L, 
2146471296L, -217486370L, 1462183083L, -1242513491L, 135484442L, 
-844498216L, 2093822785L, -751860749L, 1965428244L, 1945356194L, 
-181241673L, -995499391L, -1954291066L, 780382916L, -2085653515L, 
-1527264673L, 1893432504L, 86022550L, 462283683L, -864757915L, 
2077912706L, 682896368L, 373411225L, 654066571L, -1335185796L, 
-1314429782L, -2144839969L, 1217801321L, 1934722686L, -1363251604L, 
926225085L, 873172871L, -1234240656L, 794266126L, -2107807941L, 
-1088259043L, 317174986L, 983429096L, 718765265L, 1634015427L, 
-2057015356L, -1386795918L, -1170569913L, 776026385L, -386241386L, 
-1582267916L, -220712059L, -1716512049L, 2058258376L, -859623834L, 
57393299L, -1341112331L, 1480726994L, 1054818848L, 442514441L, 
551649595L, -951991156L, -1940238054L, -1891514481L, 1626953945L, 
508737390L, 760770300L, -1221784467L, 661280791L, 761831904L, 
1471434174L, -1584860277L, -600480755L, 2131559482L, -1004338056L, 
1794773025L, 1227799251L, -1302496780L, -1481481598L, 1935867671L, 
-908249631L, 1098533670L, 1823106596L, 44179669L, -1671561089L, 
131224856L, 1683360822L, 1153749699L, -1044562171L, 462516898L, 
-399482736L, -1623166919L, 713375979L, 2127065564L, -1665673206L, 
597714687L, -873679031L, 738708702L, 19796620L, -1128835491L, 
-147784601L, -41528944L, -1255640658L, -759159717L, 1406170173L, 
1850440362L, -372111544L, -1229722767L, -1400427293L, -181779484L, 
